00100000
01000101
00000000
00001010
00110100
01000111
00000000
00000100
00110000
01101000
00000000
00000011
10001111
11101001
00000000
00011000
00000000
00000000
00000000
00000000
00000000
00000000
00000000
00000000
00000000
00000000
00000000
00000000
10101111
11101001
00000000
00001101
00101000
00101010
00000000
00010100
00010000
01001010
00000000
00000001
00100000
10001011
00000000
00000001
00100000
10001100
00000000
00000010
00100000
10001101
00000000
00000011
00100000
10001110
00000000
00000100
00100000
10001111
00000000
00000101
00100000
10010000
00000000
00000110
00010000
10001001
00000000
00001001
00000000
00000000
00000000
00000000
00000000
00000000
00000000
00000000
00000000
00000000
00000000
00000000
00100000
10010001
00000000
00000111
00001000
00000000
00000000
00100001
00000000
00000000
00000000
00000000
00000000
00000000
00000000
00000000
00000000
00000000
00000000
00000000
00000000
00000000
00000000
00000000
00100000
10010010
00000000
00001000
00100000
10010011
00000000
00001001
00001000
00000000
00000000
00010100
00000000
00000000
00000000
00000000
00000000
00000000
00000000
00000000
00000000
00000000
00000000
00000000
00000000
00000000
00000000
00000000
00100000
10010100
00000000
00001010
00000000
10000000
10110000
00100000
00000000
10010111
10111000
00100000
00000000
01000001
11000000
00100010
00000000
00100010
11001000
00100010
00000000
01100100
11010000
00100100
00000000
10000011
11011000
00100101
00000000
01101010
11100000
00100100
00000000
11101000
11101000
00100101
00000000
01100100
11110000
00101010
00000000
00100010
10101000
00101010
00000000
00000000
00000000
00000000
00000000
00000000
00000000
00000000
00000000
00000000
00000000
00000000
00000000
00000000
00000000
00000000